	var od_KLM1362lon = [20.967127, 20.965800, 20.963837, 20.961863];
	var od_KLM1362lat = [52.171628, 52.172283, 52.174261, 52.176163];
	
	var p_KLM1362lon = [4.771899,4.771641,4.770352,4.746988];
	var p_KLM1362lat = [52.314847,52.314266,52.31401,52.310382];
	
	var st_p1_sz_lon = [20.961863, 20.960365, 20.963103, 20.967103, 20.969692, 20.975390, 20.982994, 20.975944, 20.949011, 20.894755];
	var st_p1_sz_lat = [52.176163, 52.173765, 52.170223, 52.165743, 52.162859, 52.156301, 52.146091, 52.139827, 52.141059, 52.163944];
	var st_p1_sz_h = [0, 0, 0, 0, 100, 500, 1500, 2500, 4000, 5000];
	
	var st_p2_sz_lon = [20.961185, 20.955296, 20.946916, 20.946963, 20.970545, 20.991458, 20.995598, 20.991325, 20.967909, 20.894755];
	var st_p2_sz_lat = [52.177062, 52.168712,  52.169422,  52.171371, 52.164766, 52.157681, 52.148719, 52.140096, 52.138007, 52.163944];
	var st_p2_sz_h = [0, 0, 0, 0, 100, 500, 1500, 2500, 4000, 5000];