	//KLM1362	
	var lad_p1_sz_lon = [20.877134, 20.897551, 20.933400, 20.953575, 20.972560, 20.987305, 20.981351, 20.972825, 20.962159, 20.961863];
	var lad_p1_sz_lat = [52.151655, 52.145589, 52.135472, 52.133452, 52.133167, 52.138263, 52.149578, 52.159248, 52.171330, 52.176163];
	var lad_p1_sz_h = [5000,4000,2500,1500,500,400,200,0,0,0];
	
	var lad_p2_sz_lon = [20.898712, 20.945471, 20.985951, 21.006883, 21.004443, 20.983671, 20.972785, 20.959141, 20.956245, 20.961863];
	var lad_p2_sz_lat = [52.154416, 52.128411, 52.135236, 52.149126, 52.155199, 52.161201, 52.164276, 52.167962, 52.169763, 52.176163];
	var lad_p2_sz_h = [5000,4000,2500,1500,500,100,0,0,0,0];

	var st_p1_sz_lon = [20.961863, 20.960365, 20.963103, 20.967103, 20.969692, 20.975390, 20.982994, 20.975944, 20.949011, 20.894755];
	var st_p1_sz_lat = [52.176163, 52.173765, 52.170223, 52.165743, 52.162859, 52.156301, 52.146091, 52.139827, 52.141059, 52.163944];
	var st_p1_sz_h = [0, 0, 0, 0, 100, 500, 1500, 2500, 4000, 5000];
	
	var st_p2_sz_lon = [20.961185, 20.955296, 20.946916, 20.946963, 20.970545, 20.991458, 20.995598, 20.991325, 20.967909, 20.894755];
	var st_p2_sz_lat = [52.177062, 52.168712,  52.169422,  52.171371, 52.164766, 52.157681, 52.148719, 52.140096, 52.138007, 52.163944];
	var st_p2_sz_h = [0, 0, 0, 0, 100, 500, 1500, 2500, 4000, 5000];
	
	var lad_p1_asm_lon = [4.871150, 4.817287, 4.788503, 4.779747, 4.770621, 4.749193, 4.748398, 4.755989, 4.759397, 4.771899];
	var lad_p1_asm_lat = [52.323449, 52.319423, 52.318123, 52.317918, 52.317514, 52.316794, 52.314959, 52.315098, 52.314444, 52.314847];
	var lad_p1_asm_h = [5000,4000,2500,1700,500,400,200,0,0,0];
	
	var lad_p2_asm_lon = [4.887741, 4.834661, 4.789401, 4.776688, 4.778589, 4.779786, 4.779722, 4.777331, 4.776827, 4.771899];
	var lad_p2_asm_lat = [52.299872, 52.315731, 52.273687, 52.282290, 52.304881, 52.316629, 52.321125, 52.320108, 52.317466, 52.314847];
	var lad_p2_asm_h = [5000,4000,2500,1500,500,400,200,0,0,0];
	

	var st_p1_ams_lon = [4.771969, 4.766883, 4.751479, 4.746543, 4.749191, 4.757304, 4.771844, 4.780001, 4.786021, 4.863519];
	var st_p1_ams_lat = [52.315304, 52.315544, 52.315064, 52.315194, 52.316749, 52.317079, 52.317554, 52.317880, 52.318008, 52.318865];
	var st_p1_ams_h = [0, 0, 0, 0, 100, 500, 1500, 2500, 4000, 5000];
	
	var st_p2_ams_lon = [4.771899, 4.773464, 4.776465, 4.777257, 4.778761, 4.780093, 4.777913, 4.779579, 4.816783, 4.914990];
	var st_p2_ams_lat = [52.315147, 52.316035, 52.317177, 52.320005, 52.321147, 52.321055, 52.298361, 52.279663, 52.274802, 52.281464];
	var st_p2_ams_h = [0, 0, 0, 0, 100, 500, 1500, 2500, 4000, 5000];
	
	
	var lon = [20.898712, 20.945471, 20.985951, 21.006883, 21.004443, 20.983671, 20.972785, 20.959141, 20.956245, 20.961863];
	var lat = [52.154416, 52.128411, 52.135236, 52.149126, 52.155199, 52.161201, 52.164276, 52.167962, 52.169763, 52.176163];
	var h = [5000,4000,2500,1500,500,100,0,0,0,0];